1103011031010000100000031000000003012300
0000010010110100030101030200010100003000
0100002020010022000020003201003000012000
0001101010000000001000010000010300000000
0010112002100011200131100000002103000100
0003201030000000000100100200202020001112
3111000101122301001000000012001030000001
2220300000001031010000102201000010103000
0011200133000110001101001001100011100001
0030011001031113010100010001000000001000
0000200100010110000310011100001030300100
1000001310030002000100000100001000330001
0030030130200021000002000000000011302000
0310010003002002002021000101001003110130
3001002010001010000110000100101000100000
1000010100000100000300112210000001003100
0111010001320002000000310003023103200101
3001030010001003000002100200110100200003
0103031002310030100030001122100100000100
0010110010000000002322101100001020200110
0000003001000010020010000000101000110012
1232001003000032000001000020031003011121
0003000000000000001203100030000100000010
0201001002030000020000101022300112101123
1000200000010100121001100003000000000100
1010100200100101023100000010200020001300
0300001010000000000020012000030020000000
3300000000100000120003010010000012120110
0300001002010303300000000000010010011110
3000100010000200000201000300130000102110
1011003000230200113000010003120010110002
0212030010000000100020030331000010101110
1122010000001010000312010120000030010102
0000111002011010000000030003000030200101
3100110000010003000100030000120001000010
0011010000000000020101000002110010300000
1200300001000000100000031111000000000010
0000000000210302001132000000211000000000
2000002021000101000000010300010103101103
2020102103030101030010002002000000010020
0000101130000000023000001000100110000003
2031000030010003100000213003000001001310
2000000000000010000000100001030210101000
1102030000000030110200000001010020100100
0000011110000000000001200301000312100000
0301010110200320000203020000001000000010
0100100100211000000000100010003310000000
1010110302000000000113132003300200000000
1110310301101100000011100000010100000010
0300010000000102100000013300001000011300
0001101002111100000300000030030000000221
0101000200102000101031010002202000021001
0303010122100003011300011000300000100000
1200201001010003000001001002020000201020
0100001001000100003100010100231001001010
1002000030030000020020001000000112300302
0030010100200000012100200020100100200010
0003102000000000010111000113001000020000
1000001000000100011000200210201100121000
1002001012000200000300010100003000300100
3000001001300100000100101003030100000200
2000100000300113013200011000003130010211
0000012000001002000021001000200030003000
0000002000000000100300100102020000030011
1000000111120300301020011031102001000021
0000310020021210020001003000100122003110
1101000020300000100200020010000100300110
0300002301200113000101000033210300312020
1010030000001031000030000010001000300101
0200003300010210010002010001000120002111
2000101011000001002000120200301000033000
3010230113001030000300301002000203200010
0010011130000233200111010030001101201000
1000100000000000000000001002130300011020
1000010101010000001200020130000211021100
0110000100110000000200000013000200100010
0000022001000000200000002030130010100001
0110121000000130031100001000000000000020
0010110100000200001011300000301011100020
0030010001100101000000000101101012000021
0000200001000000001100000001010000000000
0131221000102000000000000100000021220002
1000000101000101002001000100011100100000
3310000000000021001202100000002000000000
1000110100011021300000302110000000000200
0003101020100000101100100300020001100000
3001001003010000001010201010000010111120
0332000000101000011000000113010000001031
0103001000100101100020032110110200100100
0001202002000000000110000000101330101010
0000000000000323311311010000010100000013
0001000011001000111001303000200200011200
1003000000001030001300000000300000013110
0000001000300000012000010303001000000100
2230012000020220203100010001001210210232
0000010002100001000000020000100100000000
0013002002020032000000000131200020010001
0010001030010012003000000000001000003000
1030001000201000020330000201000300000000
3103230100000011200000021020000000020000
