1000011000000000102002001000000203002120
1000000000201000030030100033010011301000
1010200301000000010002000101012110100000
0100000001000130010000000000010000000000
0001100002222330100000211100032012000000
1000100200020000100000012000103000003030
3110013000100100012030011200000000010000
0010002300021103001230300010200020000213
2100001102001210011000000001000200000001
0100020003000030000000300202320100310110
0000022013011020000000020020003000013002
0000011101031000001100030013010030001112
0000110000003011030001003000001000300030
0301010000303010100000000001010020000010
1001100000030000300000003030330031100100
3110000000130000010001000010000000101111
3301001101000000002202000010003211020001
0030000010200000000010000002000001121000
1000000000100000000000201200201000002020
0300100101000000011101310000100210203010
1000110200010100030000000002000110000000
0010012111110000001100000300000302030301
0000000000000000000310021000301000200000
1100003001000010100002100002000300030000
0010100010010000000000100030011000000010
0200310010001000002020000000001203102100
0010011000000300100311311000100110100200
3000030001100000100310011000010000003003
0101000030201011300000011000020000100101
0100001000100011000130100000101010210000
1003010010102000100013000001001000300010
1000100000130000000301000003100000000000
1001001000020100002020200303133100000130
3000000000020000000200200311030000130010
1301000011010001100001200031200200100010
0312010011002102003030200010000000100103
3100001000200000020030000101110103102000
0001122101010013000000301001000010110012
0001130001310000300000020002010121103010
0103000001130110200100000000000110200003
0033120303310010210020000300300023010000
0000201000011010201000210000000000010110
0300000001030010100000100001031020000100
0010000010001000001102201120300000230100
0000000000000000031003000030010002000010
0001030110000010000021000200000020100001
1000000020000000011100010101010000010000
1031230110011000000000000010000000020001
0011221020000200001001101000102000311100
3001011000030200110132010130110000001003
1011020000320221030301000030111001131100
0210020000200010100110020002011103003001
0030000010122000100000100011001101030000
0000201010011020321010000000110302020300
0001002010203101000000101000001103100000
0000000030000120030000000100000003000020
0000100311000010000030000010010001000000
0000010030100010000001010012000200002201
3011001030020001023002030000000000010300
0000000010000012001100300100100001001003
1000300000031000300110000001200100113300
1112120000010102100101300003000010111013
0003000000011000001000000013231000012003
1113003011010003033002202321210100000101
0330100030000000000001000010001001120203
1130001220001001100030032101101010021110
1000001110120003000001010101000010020001
2200001000030001101001120012310000301010
2301210000000000000000000300023200111200
0010000001010001000020300000100300031101
0003110020001010001011012003110131011000
1000011110201000000100103001210102100000
0200000030200201200010000001000010100131
2000001000301031000000011110000100100001
0310002000000102000100010100010232010033
0000000331000001113103103000101000101000
0000010100100000001011000001000000310000
0300000000010000000101000000000101010000
0001000000101002000003031001000011000011
2001010021330010010030000031100000000000
1000300300202000001100000000010000000001
0000122010101003021000000000000000110000
0310301000031000101300000011100003001100
0300010011013011001111000010000103203000
1111300010110001300010000002010002000011
0101000110100220100010110001010031011011
0200010100000010001010010021100000000200
0100100002010000101002010033013000010000
0011210110011001003020200300000010000000
0001023002003020001002000000100000010100
0120000000013000002010011000000000030000
1000000010000001000030000000001011001000
0001030120101000011100100000021010000011
3003000002120000000000101000001003111101
0101000000110100001000110010121003000021
1000000020003000211203010100000000013100
1011001030101000000000000100001002100302
0320000002000100102000100110102000000311
2210000010002130200300000000002100113210
0100003000000000020010030201010100100000
