12300020100033123111010103331201300012012112232212
30210031013132311331123322102221211200312211210311
33001102033122003330211331120021202302222331132122
00003220101301102102330032122103133023210311300120
10120111300112023222322321111000000311030303133122
21333022212123202300302322232232223210003001232313
00233121101021132033121033210011301013132120001102
31133011233313321201310302113011302032102032223010
21320232223123312333221311131021023233210232321111
32223312021211122031020231201032111122213123312313
01211012113002302020233001123210112020030332322231
32031221110212202032111020102113233020002113002000
03132020312120102223320200113121322131100000031213
31130021020210101100330130100320303222033231013302
31333333230213311321023000002301031332220020323233
33311231130231130100001230131223211200010030022101
13321311211121200211330322021001312101311303320202
30310112100012110132101232022030222002030001231133
03211302030310231112120003331031100200102333313210
00100310000202202221031103230303301133333033331223
30310333022212311133332330332222022133130010221232
32323322200012333203203011300221302102102133313223
31213200033230201323000300232332221020031213133023
31310103331033123121111132132131212202102021302023
33213030123311001010322230112312131220030220030110
21000321332133123320123333202321021232100122223330
10030121003100221211103311321102312110123112120020
22321022131323222011132022000011313023202323002213
31102103323010001203122010323300211300102102331011
12223022210312302302210311032032033031331233200131
11222233103012013111120101133222220033032330321002
30133011122022101002011222133102102032210300132322
21131102112231220211201303102030302013101231320333
21110201112322022003102021332130212120310233303111
00020320302211012013310120033301330311120002013331
23221301233321312210130333223103201222321012222111
32002202021013302032103000123310011013122121200101
11110021133231023032312301303210232123332021013210
33020122212110022022012220123230300021201102022013
31020132031033100002121201033212131123103300320101
13321023013330223322001103020322101201120302022121
02221331323322133002331013113032111233133333333332
10130333032103313200001131231130123021111131222011
13233120003333011332302331103110013021023120010221
01012101100121002301120213012213133002202212321111
32132022113133021010111201031110110111011222232230
12331202023302322222101021311121231203031321020211
22222203112013201022030101131231100120103111331122
31301130123330032000331202032020123111200233213132
23212201332231011223211323200013102102232110213322
